1000
147 436
234 513
604 474
683 303
333 427
796 274
340 433
543 707
724 123
640 253
229 428
516 148
706 178
791 684
597 326
749 432
789 376
76 168
203 296
130 337
385 429
13 41
508 295
467 213
679 843
304 330
573 291
512 661
583 360
345 764
654 892
644 52
443 796
451 91
113 424
744 694
488 88
326 726
477 434
772 508
37 720
114 626
34 633
282 267
691 578
407 61
549 388
309 267
408 333
24 683
697 345
150 429
238 397
745 673
100 838
476 208
133 726
185 122
290 884
115 717
631 461
568 890
681 383
583 350
758 136
507 5
682 399
454 590
292 798
121 856
583 849
460 213
485 614
244 173
789 766
237 205
169 871
77 879
289 809
34 387
351 554
407 801
93 284
649 690
648 346
517 151
758 652
681 388
566 254
513 684
109 506
794 432
172 683
382 166
102 672
566 109
105 210
74 307
669 249
606 661
323 320
783 169
226 9
128 305
653 52
259 854
117 234
371 673
143 83
294 230
533 689
313 10
503 830
109 599
64 170
30 249
608 658
189 354
203 700
430 618
605 156
244 796
582 190
17 798
246 684
189 433
347 346
395 693
72 170
404 791
274 427
507 199
242 364
460 166
203 458
736 283
645 691
752 815
692 692
715 45
152 362
582 488
633 434
101 403
84 61
165 732
395 782
248 812
594 704
163 463
121 492
310 411
733 294
396 587
281 409
660 291
595 17
84 491
774 232
723 132
37 405
303 323
716 675
299 724
750 722
141 429
390 789
790 892
796 768
623 60
336 337
640 147
786 154
786 632
177 826
489 887
344 326
791 200
377 783
523 11
725 216
270 103
234 725
374 423
26 71
115 749
281 207
745 712
18 671
716 545
795 764
24 338
500 378
89 261
654 489
639 566
161 110
133 800
97 179
282 734
665 44
696 636
332 492
654 802
317 285
649 172
180 172
689 89
586 355
361 711
264 793
763 688
148 417
212 751
45 670
138 447
386 746
118 325
370 858
287 316
242 410
332 39
541 549
619 733
552 178
377 830
93 783
213 612
141 693
278 244
319 358
377 218
424 471
295 782
597 31
765 131
224 102
143 896
447 352
733 715
133 617
513 268
723 475
358 760
533 193
754 710
342 375
568 546
210 863
94 859
414 727
341 472
291 707
136 821
232 807
130 569
47 898
518 829
482 151
434 155
339 431
233 382
535 771
432 338
38 308
182 477
142 660
617 154
455 450
749 221
129 131
133 533
90 423
499 620
726 821
333 439
724 850
691 448
530 623
415 302
142 316
541 851
771 437
630 769
251 893
231 607
62 805
793 284
73 87
736 871
570 537
63 599
733 656
288 524
58 787
360 398
281 97
91 134
315 727
662 517
24 788
240 164
447 260
459 344
745 321
463 104
153 487
487 743
290 130
415 322
91 855
351 60
596 746
743 242
321 129
181 272
436 469
523 719
168 44
276 198
790 775
517 69
166 701
413 424
106 237
123 728
613 779
541 541
277 584
486 189
645 839
124 234
570 106
449 204
534 498
745 406
661 529
301 107
150 566
261 570
510 348
263 100
672 491
459 401
707 700
549 371
196 220
535 225
241 860
787 251
718 594
669 485
543 642
198 763
230 568
276 60
546 781
726 878
555 371
345 616
168 649
47 529
686 682
793 559
574 694
172 183
100 598
464 849
376 403
658 336
126 240
775 875
795 203
480 376
247 635
31 89
195 891
565 487
241 873
770 898
335 409
142 300
420 35
680 199
249 246
611 100
137 652
452 781
115 642
133 598
159 516
305 170
35 727
628 194
642 114
43 348
81 356
221 16
191 256
516 192
469 647
296 338
183 795
86 217
269 625
333 378
354 461
749 49
598 853
337 299
18 81
339 628
783 457
119 780
191 294
42 674
661 445
673 804
337 593
598 750
558 244
461 495
198 735
211 273
417 373
676 377
402 785
161 486
180 88
113 245
281 588
417 857
168 821
560 816
49 753
631 240
280 89
634 203
143 537
799 806
765 706
444 850
179 24
695 581
49 252
550 843
424 92
644 858
638 825
695 220
220 648
737 824
112 321
209 239
399 419
396 778
280 162
391 545
451 460
309 609
654 737
769 892
65 509
76 603
186 306
262 314
616 695
265 534
591 840
715 475
181 106
136 100
95 578
337 839
499 674
495 233
725 147
109 847
41 302
274 622
769 542
59 105
147 280
653 102
699 577
299 679
228 832
145 379
73 236
551 700
542 556
74 32
244 846
610 394
797 269
242 687
711 428
197 708
436 462
707 435
85 392
552 832
160 379
481 879
742 832
48 220
70 50
530 220
504 260
449 30
404 752
35 392
362 756
710 517
627 49
13 160
411 842
229 38
508 14
658 711
144 327
344 363
318 882
584 722
103 393
74 115
229 737
608 562
666 669
357 841
114 879
18 897
460 558
51 658
789 595
666 777
366 73
583 625
76 388
203 839
396 773
571 712
47 287
762 348
573 133
425 699
462 572
626 769
704 592
612 19
155 35
261 102
345 209
233 197
97 197
420 676
370 527
47 496
152 259
690 125
720 692
652 110
768 487
361 659
745 848
165 687
535 875
97 37
483 353
70 274
379 422
20 234
588 177
386 554
169 832
668 126
391 786
426 643
113 529
35 355
581 447
121 813
346 790
618 764
29 393
20 298
257 338
786 890
106 825
739 520
497 367
190 314
794 608
130 707
228 709
529 302
301 417
284 382
659 506
360 130
645 601
789 548
65 888
385 424
643 474
158 198
635 237
501 784
202 497
575 631
515 569
64 232
132 254
467 400
652 212
175 452
104 270
75 164
560 625
149 39
271 613
497 466
650 391
147 323
683 649
766 764
384 67
766 92
344 710
456 138
286 753
451 219
555 581
779 66
299 316
658 883
105 66
351 841
311 766
284 818
25 380
789 490
546 212
620 16
664 892
628 34
260 659
439 487
91 559
749 20
594 609
430 506
445 257
371 360
466 693
355 165
725 120
627 318
132 20
14 812
289 757
546 603
406 200
516 753
498 505
424 695
646 488
404 34
442 112
288 194
736 308
548 482
619 623
469 101
677 58
751 117
189 135
53 807
704 274
760 324
98 105
130 585
117 347
681 139
25 167
507 115
439 559
323 164
515 468
737 436
32 562
324 875
636 833
179 232
21 258
471 462
526 111
141 758
629 821
288 257
464 672
651 886
198 412
630 139
335 571
463 855
132 529
262 637
569 594
357 466
596 288
637 514
547 488
682 229
432 638
566 720
224 605
199 623
443 678
538 319
123 273
669 398
446 226
538 391
370 619
759 419
716 139
43 729
606 759
39 41
614 47
395 218
656 266
715 534
715 642
498 897
382 163
548 373
28 378
608 241
387 781
54 153
299 735
256 399
535 208
443 502
682 219
72 496
244 655
54 788
34 845
498 240
75 583
587 777
748 468
67 196
332 726
68 480
453 136
236 516
280 374
545 802
104 429
176 471
544 252
525 268
742 840
746 593
273 707
626 656
444 155
654 397
139 252
570 848
142 22
131 849
673 355
228 224
271 278
634 799
465 722
782 647
15 544
423 828
610 439
463 265
516 617
167 620
481 233
610 656
570 394
212 705
789 483
303 248
722 840
373 504
489 333
771 643
364 130
68 199
26 12
293 12
337 816
207 240
297 155
724 168
621 824
447 746
173 451
182 665
790 510
334 658
408 393
26 227
274 400
213 682
505 397
665 174
493 535
116 885
572 421
570 469
435 311
47 76
154 344
128 722
188 515
463 335
531 619
786 688
133 827
174 212
589 21
309 181
616 71
597 865
353 21
628 796
556 456
709 868
782 586
707 742
435 493
393 598
94 478
385 188
563 678
349 311
547 887
404 690
244 384
318 261
653 360
367 90
198 255
272 155
364 261
760 12
723 295
748 208
151 759
585 402
743 644
267 264
580 225
552 122
273 872
697 449
265 128
674 216
227 764
428 804
116 605
318 96
648 478
442 663
463 227
578 892
667 396
522 398
664 378
33 784
395 210
127 568
778 544
670 530
151 232
612 75
125 530
224 691
259 360
273 582
145 295
486 739
239 544
697 574
32 480
564 107
516 878
665 202
150 675
25 726
252 269
712 374
536 588
14 485
100 657
28 882
30 158
121 364
414 713
26 732
142 309
596 876
14 289
173 767
339 297
277 684
228 12
345 798
788 203
67 405
352 877
733 601
568 374
23 67
618 477
434 435
304 460
749 847
307 148
487 125
364 753
108 65
566 44
507 79
77 614
126 260
249 173
42 195
732 870
502 161
559 780
762 661
568 662
446 41
77 291
461 780
286 593
690 869
737 65
253 100
294 171
654 341
320 170
142 353
323 637
746 271
226 445
369 522
640 814
501 768
90 609
530 749
418 154
190 689
389 412
410 578
89 632
276 620
768 889
464 541
459 861
416 149
683 805
160 19
536 19
519 845
114 5
680 400
626 594
129 703
606 268
113 524
362 575
414 515
442 205
660 48
556 549
692 165
307 827
775 480
693 6
587 438
712 796
103 285
595 159
480 465
590 244
305 174
